a nonrecurs list compact algorithm a simpl nonrecurs list structur
compact scheme or garbag collector suitabl for both compact and
lisp like list structur is present the algorithm avoid the
need for recurs by us the partial structur as it
is built up to keep track of those list that
have been copi cacm novemb 1970 chenei c j list
compact garbag collect compact list lisp 4 19 4 49
ca701106 jb februari 9 1978 4 54 pm 1972 4
1972 1972 4 1972 2156 4 1972 2168 4 1972
2249 4 1972 2438 4 1972 2723 4 1972 2736
4 1972 2736 4 1972 2833 4 1972 2855 4
1972 3074 4 1972 3074 4 1972 3112 4 1972
1826 5 1972 1853 5 1972 1972 5 1972 1972
5 1972 1972 5 1972 2156 5 1972 2361 5
1972 2513 5 1972 2736 5 1972 2855 5 1972
3074 5 1972 3106 5 1972 3112 5 1972 106
6 1972 1380 6 1972 1549 6 1972 1549 6
1972 1549 6 1972 1626 6 1972 1626 6 1972
1826 6 1972 1826 6 1972 1826 6 1972 1826
6 1972 1826 6 1972 210 6 1972 210 6
1972 1853 6 1972 1853 6 1972 1972 6 1972
1972 6 1972 1972 6 1972 1972 6 1972 1972
6 1972 1972 6 1972 1972 6 1972 1972 6
1972 2438 6 1972 2513 6 1972 2665 6 1972
2723 6 1972 2723 6 1972 2736 6 1972 2766
6 1972 2766 6 1972 2833 6 1972 2833 6
1972 2838 6 1972 2855 6 1972 2954 6 1972
2998 6 1972 2998 6 1972 731 6 1972