practic syntact error recoveri thi paper describ a recoveri scheme
for syntax error which provid automat gener high qualiti recoveri
with good diagnost inform at rel low cost previou recoveri
techniqu ar summar and empir comparison ar made suggest for
further research on thi topic conclud the paper cacm novemb
1975 graham s l rhode s p syntax error error
recoveri error correct pars simpl preced compil debug 4 12
4 42 5 23 ca751104 jb januari 6 1978 9
42 am 1225 4 2708 1350 4 2708 1379 4
2708 1542 4 2708 1646 4 2708 1683 4 2708
1693 4 2708 1693 4 2708 1781 4 2708 1781
4 2708 1781 4 2708 1781 4 2708 1787 4
2708 1836 4 2708 1836 4 2708 1945 4 2708
1945 4 2708 1945 4 2708 2015 4 2708 2060
4 2708 2060 4 2708 2061 4 2708 2061 4
2708 2082 4 2708 2091 4 2708 2091 4 2708
2152 4 2708 2179 4 2708 2179 4 2708 2340
4 2708 2356 4 2708 2534 4 2708 2534 4
2708 2546 4 2708 2546 4 2708 2556 4 2708
2603 4 2708 2650 4 2708 2650 4 2708 2698
4 2708 2698 4 2708 2698 4 2708 2698 4
2708 2708 4 2708 2708 4 2708 2708 4 2708
2708 4 2708 2708 4 2708 2708 4 2708 2708
4 2708 2820 4 2708 2824 4 2708 2887 4
2708 2971 4 2708 2982 4 2708 2986 4 2708
3045 4 2708 3045 4 2708 3045 4 2708 3093
4 2708 3093 4 2708 1477 5 2708 1491 5
2708 1787 5 2708 2111 5 2708 2534 5 2708
2556 5 2708 2708 5 2708 2708 5 2708 2708
5 2708 3093 5 2708 680 5 2708 1491 6
2708 2179 6 2708 2708 6 2708 680 6 2708