an effici list move algorithm us constant workspac an effici
algorithm is present for move arbitrari list structur us no
storag apart from program variabl other than that requir to
hold the origin list and the copi the origin list
is destroi as it is move no mark bit ar
necessari but pointer to the copi must be distinguish from
pointer to the origin the algorithm is superior in execut
speed to previou algorithm for the same problem some variat
and extens of the algorithm ar discuss cacm june 1976
clark d w list move list copi lisp space complex
constant workspac 4 34 4 49 5 25 ca760607 jb
januari 4 1978 1 43 pm 1024 4 2855 1051
4 2855 1102 4 2855 1132 4 2855 1390 4
2855 1486 4 2855 1549 4 2855 1706 4 2855
1826 4 2855 1869 4 2855 1878 4 2855 1972
4 2855 378 4 2855 2060 4 2855 2155 4
2855 2156 4 2855 2156 4 2855 2168 4 2855
2168 4 2855 2361 4 2855 2438 4 2855 2513
4 2855 2513 4 2855 2665 4 2855 2719 4
2855 2723 4 2855 2723 4 2855 2723 4 2855
2736 4 2855 2736 4 2855 2833 4 2855 2838
4 2855 2842 4 2855 2855 4 2855 2855 4
2855 2855 4 2855 2855 4 2855 2855 4 2855
2855 4 2855 2855 4 2855 2855 4 2855 2879
4 2855 2944 4 2855 2944 4 2855 2954 4
2855 3074 4 2855 3074 4 2855 3077 4 2855
3080 4 2855 3106 4 2855 3106 4 2855 3106
4 2855 3106 4 2855 3106 4 2855 3112 4
2855 3112 4 2855 3112 4 2855 627 4 2855
106 4 2855 210 5 2855 1549 5 2855 1826
5 2855 1972 5 2855 2513 5 2855 2766 5
2855 2833 5 2855 2855 5 2855 2855 5 2855
2855 5 2855 2998 5 2855 3106 5 2855 1549
6 2855 210 6 2855 1972 6 2855 2665 6
2855 2766 6 2855 2855 6 2855 2954 6 2855
2998 6 2855