simpl lr k grammar a class of context free grammar
call the simpl lr k or slr k grammar is
defin thi class ha been shown to includ weak preced
and simpl preced grammar as proper subset how to construct
parser for the slr k grammar is also shown these
parser construct techniqu ar extend to cover all of the
lr k grammar of knuth thei have been implement and
by direct comparison prove to be superior to preced techniqu
not onli in the rang of grammar cover but also
in the speed of parser construct and in the size
and speed of the result parser cacm juli 1971 derem
f l context free grammar lr k grammar preced grammar
syntact analysi pars algorithm parser finit state machin determinist pushdown
automaton 4 12 5 22 5 23 ca710703 jb februari
3 1978 9 31 am 1086 4 2179 1132 4
2179 1234 4 2179 1263 4 2179 1265 4 2179
1270 4 2179 1323 4 2179 1358 4 2179 1379
4 2179 1379 4 2179 1380 4 2179 1453 4
2179 1464 4 2179 1484 4 2179 1491 4 2179
1498 4 2179 1542 4 2179 1613 4 2179 1614
4 2179 1683 4 2179 1693 4 2179 1693 4
2179 1781 4 2179 1781 4 2179 1781 4 2179
1787 4 2179 1825 4 2179 1836 4 2179 1836
4 2179 1860 4 2179 1945 4 2179 1945 4
2179 1989 4 2179 2015 4 2179 2060 4 2179
2060 4 2179 2060 4 2179 2061 4 2179 2061
4 2179 2061 4 2179 2083 4 2179 2082 4
2179 2091 4 2179 2091 4 2179 2152 4 2179
2178 4 2179 2179 4 2179 2179 4 2179 2179
4 2179 2179 4 2179 2179 4 2179 2179 4
2179 2252 4 2179 2325 4 2179 2341 4 2179
2340 4 2179 2356 4 2179 2423 4 2179 2546
4 2179 2546 4 2179 2546 4 2179 2603 4
2179 2645 4 2179 2652 4 2179 2684 4 2179
2698 4 2179 2698 4 2179 2698 4 2179 2708
4 2179 2708 4 2179 2824 4 2179 2842 4
2179 2921 4 2179 2929 4 2179 2934 4 2179
2982 4 2179 2986 4 2179 3045 4 2179 3045
4 2179 3069 4 2179 3093 4 2179 3154 4
2179 669 4 2179 679 4 2179 691 4 2179
761 4 2179 949 4 2179 989 4 2179 1477
5 2179 1491 5 2179 1825 5 2179 2015 5
2179 2110 5 2179 2179 5 2179 2179 5 2179
2179 5 2179 2733 5 2179 2986 5 2179 3093
5 2179 3094 5 2179 3184 5 2179 1265 6
2179 1491 6 2179 1491 6 2179 1683 6 2179
1781 6 2179 1836 6 2179 2179 6 2179 2179
6 2179 2179 6 2179 2179 6 2179 2340 6
2179 2423 6 2179 2645 6 2179 2708 6 2179
2786 6 2179 680 6 2179 799 6 2179