except handl issu and a propos notat thi paper defin
except condit discuss the requir except handl languag featur must
satisfi and propos some new languag featur for deal with
except in an orderli and reliabl wai the propos languag
featur serv to highlight except handl issu by show how
defici in current approach can be remedi cacm decemb 1975
goodenough j b multilevel exit goto statement error condit structur
program on condit program languag 4 22 ca751203 jb januari
5 1978 4 47 pm 1397 4 2704 1828 4
2704 1854 4 2704 1877 4 2704 1960 4 2704
2150 4 2704 2317 4 2704 2319 4 2704 2377
4 2704 2342 4 2704 2376 4 2704 2379 4
2704 2424 4 2704 2482 4 2704 2618 4 2704
2632 4 2704 2704 4 2704 2704 4 2704 2704
4 2704 2704 4 2704 2704 4 2704 2704 4
2704 2723 4 2704 2738 4 2704 2738 4 2704
2740 4 2704 2741 4 2704 2770 4 2704 2866
4 2704 2867 4 2704 2867 4 2704 2869 4
2704 2902 4 2704 2941 4 2704 2958 4 2704
3004 4 2704 3030 4 2704 3053 4 2704 3184
4 2704 1247 5 2704 1552 5 2704 1749 5
2704 2356 5 2704 2379 5 2704 2673 5 2704
2704 5 2704 2704 5 2704 2704 5 2704 2945
5 2704 3150 5 2704 1947 6 2704 2060 6
2704 2704 6 2704 2704 6 2704 2842 6 2704
2870 6 2704 2939 6 2704 2940 6 2704 2941
6 2704 2943 6 2704 3073 6 2704 3148 6
2704