an improv hash code for scatter storag introduc is a
hash code method base on fix point divis rather than
multipl or logic oper thi new method allow the hash
tabl to have almost ani length also a new method
of handl collis is discuss known as quadrat search thi
method is faster than random search and free from the
cluster that build up with a linear search cacm januari
1968 maurer w d hash code hash tabl scatter storag
search 3 74 4 11 4 12 4 9 ca680108
jb februari 23 1978 2 31 pm 1786 5 1786
1786 5 1786 1786 5 1786 1860 5 1786 1973
5 1786 1992 5 1786 2018 5 1786 2033 5
1786 2107 5 1786 2109 5 1786 2203 5 1786
2251 5 1786 2543 5 1786 2573 5 1786 2770
5 1786 911 6 1786 1314 6 1786 1366 6
1786 1389 6 1786 1421 6 1786 1496 6 1786
1626 6 1786 1641 6 1786 1785 6 1786 1785
6 1786 1785 6 1786 1785 6 1786 1785 6
1786 1785 6 1786 1785 6 1786 1785 6 1786
1785 6 1786 1786 6 1786 1786 6 1786 1786
6 1786 1786 6 1786 1786 6 1786 1786 6
1786 1786 6 1786 1786 6 1786 1786 6 1786
1786 6 1786 1786 6 1786 1786 6 1786 1869
6 1786 1973 6 1786 1973 6 1786 1973 6
1786 1992 6 1786 332 6 1786 378 6 1786
2018 6 1786 2018 6 1786 2018 6 1786 2107
6 1786 2107 6 1786 2107 6 1786 2107 6
1786 2107 6 1786 2107 6 1786 2109 6 1786
2109 6 1786 2109 6 1786 2109 6 1786 2109
6 1786 2109 6 1786 2673 6 1786 492 6
1786 3184 6 1786