automat integr of a function with a paramet two effici
method for automat numer integr ar romberg integr and adapt
simpson integr for integrand of the form f x g
x a where a is a paramet it is shown
that romberg s method is more effici a fortran program
show how to achiev thi greater effici cacm novemb 1966
rabinowitz p ca661106 jb march 2 1978 3 35 pm
1040 4 1352 1352 4 1352 1352 4 1352 1352
4 1352 1352 4 1352 1352 4 1352 1352 4
1352 1352 4 1352 1352 4 1352 1352 4 1352
1352 4 1352 1352 4 1352 1356 4 1352 1883
4 1352 1982 4 1352 1982 4 1352 2040 4
1352 2040 4 1352 2040 4 1352 2040 4 1352
2048 4 1352 2048 4 1352 2048 4 1352 2074
4 1352 2074 4 1352 2074 4 1352 2074 4
1352 2093 4 1352 2093 4 1352 2093 4 1352
2093 4 1352 2415 4 1352 2550 4 1352 1040
5 1352 1092 5 1352 1241 5 1352 1273 5
1352 1352 5 1352 1352 5 1352 1352 5 1352
324 5 1352 2040 5 1352 429 5 1352 570
5 1352 621 5 1352 786 5 1352 834 5
1352 872 5 1352 1241 6 1352 1273 6 1352
1352 6 1352 1356 6 1352 324 6 1352 621
6 1352