modifi romberg quadratur algorithm 351 d1 cacm june 1970 wallick
g c numer integr romberg quadratur modifi romberg quadratur trapezoid
valu rectangl valu 5 16 ca700615 jb februari 13 1978
10 27 am 1040 4 2040 1352 4 2040 1352
4 2040 1352 4 2040 1352 4 2040 1356 4
2040 1883 4 2040 1982 4 2040 1982 4 2040
2040 4 2040 2040 4 2040 2040 4 2040 2040
4 2040 2040 4 2040 2040 4 2040 1241 5
2040 1273 5 2040 1352 5 2040 1356 5 2040
324 5 2040 2040 5 2040 2040 5 2040 2040
5 2040 2355 5 2040 621 5 2040 1418 6
2040 1521 6 2040 1597 6 2040 1883 6 2040
2040 6 2040 2350 6 2040 2354 6 2040