list trace in system allow multipl cell type list process
system have each allow the us of onli a singl
size and configur of list cell in thi paper a
system is describ which allow the us of arbitrarili mani
differ size and configur of list cell possibl not specifi
until run time cacm august 1971 fenichel r r list
process storag alloc lisp slip base storag pointer 4 49
ca710804 jb februari 2 1978 3 45 pm 1024 4
2168 1024 4 2168 1051 4 2168 1051 4 2168
1098 4 2168 1102 4 2168 1132 4 2168 1214
4 2168 1380 4 2168 1388 4 2168 1390 4
2168 1393 4 2168 1485 4 2168 1486 4 2168
1487 4 2168 1549 4 2168 1549 4 2168 1570
4 2168 1706 4 2168 1708 4 2168 1781 4
2168 1826 4 2168 1826 4 2168 1860 4 2168
1878 4 2168 1878 4 2168 1946 4 2168 1957
4 2168 1972 4 2168 378 4 2168 2023 4
2168 2060 4 2168 2155 4 2168 2156 4 2168
2156 4 2168 2168 4 2168 2168 4 2168 2168
4 2168 2168 4 2168 2168 4 2168 2249 4
2168 2314 4 2168 2438 4 2168 2719 4 2168
2719 4 2168 2723 4 2168 2723 4 2168 2723
4 2168 2736 4 2168 2736 4 2168 2833 4
2168 2833 4 2168 2838 4 2168 2842 4 2168
2855 4 2168 2855 4 2168 2857 4 2168 2879
4 2168 3074 4 2168 3077 4 2168 3080 4
2168 3106 4 2168 3112 4 2168 3112 4 2168
627 4 2168 106 4 2168 210 5 2168 1626
5 2168 1826 5 2168 1878 5 2168 2168 5
2168 2168 5 2168 2168 5 2168 731 5 2168