a new solut of dijkstra s concurr program problem a
simpl solut to the mutual exclus problem is present which
allow the system to continu to oper despit the failur
of ani individu compon cacm august 1974 lamport l critic
section concurr program multiprocess semaphor 4 32 ca740806 jb januari
17 1978 9 48 am 1781 4 2618 1828 4
2618 1854 4 2618 1877 4 2618 1960 4 2618
2150 4 2618 2150 4 2618 2150 4 2618 2228
4 2618 2228 4 2618 2256 4 2618 2256 4
2618 2317 4 2618 2317 4 2618 2319 4 2618
2377 4 2618 2342 4 2618 2342 4 2618 2342
4 2618 2376 4 2618 2376 4 2618 2379 4
2618 2424 4 2618 2482 4 2618 2618 4 2618
2618 4 2618 2618 4 2618 2618 4 2618 2632
4 2618 2704 4 2618 2723 4 2618 2738 4
2618 2740 4 2618 2741 4 2618 2867 4 2618
3184 4 2618 3184 4 2618 1198 5 2618 1338
5 2618 1749 5 2618 2256 5 2618 2618 5
2618 2618 5 2618 2618 5 2618 2895 5 2618
2150 6 2618 2618 6 2618